{
 "cells": [
  {
   "cell_type": "code",
   "execution_count": 1,
   "metadata": {},
   "outputs": [
    {
     "data": {
      "text/plain": [
       "'\\n指定一步转移概率和初始状态\\n得到马尔科夫链每一步的状态\\n'"
      ]
     },
     "execution_count": 1,
     "metadata": {},
     "output_type": "execute_result"
    }
   ],
   "source": [
    "r\"\"\"\n",
    "指定一步转移概率和初始状态\n",
    "得到马尔科夫链每一步的状态\n",
    "\"\"\""
   ]
  },
  {
   "cell_type": "code",
   "execution_count": 2,
   "metadata": {},
   "outputs": [],
   "source": [
    "import numpy as np"
   ]
  },
  {
   "cell_type": "code",
   "execution_count": 3,
   "metadata": {},
   "outputs": [],
   "source": [
    "P = np.matrix([\n",
    "    [0.65, 0.28, 0.07],\n",
    "    [0.15, 0.67, 0.18],\n",
    "    [0.12, 0.36, 0.52]\n",
    "])"
   ]
  },
  {
   "cell_type": "code",
   "execution_count": 4,
   "metadata": {},
   "outputs": [],
   "source": [
    "pi0 = np.matrix([0.7, 0.2, 0.1])"
   ]
  },
  {
   "cell_type": "code",
   "execution_count": 5,
   "metadata": {},
   "outputs": [
    {
     "name": "stdout",
     "output_type": "stream",
     "text": [
      "[[0.7 0.2 0.1]]\n",
      "[[0.497 0.366 0.137]]\n",
      "[[0.39439 0.4337  0.17191]]\n",
      "[[0.3420377 0.4628958 0.1950665]]\n",
      "[[0.31516686 0.47613468 0.20869846]]\n",
      "[[0.30132247 0.4823884  0.21628912]]\n",
      "[[0.29417256 0.48543461 0.22039283]]\n",
      "[[0.2904745  0.48695092 0.22257458]]\n",
      "[[0.28856001 0.48771683 0.22372316]]\n",
      "[[0.28756831 0.48810742 0.22432427]]\n",
      "[[0.28705443 0.48830783 0.22463774]]\n",
      "[[0.28678808 0.48841107 0.22480084]]\n",
      "[[0.28665002 0.48846439 0.2248856 ]]\n",
      "[[0.28657844 0.48849196 0.2249296 ]]\n",
      "[[0.28654133 0.48850623 0.22495244]]\n",
      "[[0.28652209 0.48851363 0.22496428]]\n",
      "[[0.28651212 0.48851746 0.22497043]]\n",
      "[[0.28650695 0.48851944 0.22497361]]\n",
      "[[0.28650426 0.48852047 0.22497526]]\n",
      "[[0.28650287 0.488521   0.22497612]]\n",
      "[[0.28650215 0.48852128 0.22497656]]\n",
      "[[0.28650178 0.48852142 0.2249768 ]]\n",
      "[[0.28650159 0.4885215  0.22497691]]\n",
      "[[0.28650149 0.48852154 0.22497698]]\n",
      "[[0.28650143 0.48852156 0.22497701]]\n",
      "[[0.28650141 0.48852157 0.22497703]]\n",
      "[[0.28650139 0.48852157 0.22497703]]\n",
      "[[0.28650139 0.48852158 0.22497704]]\n",
      "[[0.28650138 0.48852158 0.22497704]]\n",
      "[[0.28650138 0.48852158 0.22497704]]\n"
     ]
    }
   ],
   "source": [
    "pi = pi0\n",
    "for _ in range(30):\n",
    "    print(pi)\n",
    "    pi = np.matmul(pi, P)"
   ]
  },
  {
   "cell_type": "code",
   "execution_count": 6,
   "metadata": {},
   "outputs": [],
   "source": [
    "pi0 = np.matrix([0.17, 0.23, 0.6])"
   ]
  },
  {
   "cell_type": "code",
   "execution_count": 7,
   "metadata": {},
   "outputs": [
    {
     "name": "stdout",
     "output_type": "stream",
     "text": [
      "[[0.17 0.23 0.6 ]]\n",
      "[[0.217  0.4177 0.3653]]\n",
      "[[0.247541 0.472127 0.280332]]\n",
      "[[0.26536054 0.48655609 0.24808337]]\n",
      "[[0.27523777 0.48960354 0.23515869]]\n",
      "[[0.28056412 0.48975808 0.2296778 ]]\n",
      "[[0.28339173 0.48937987 0.2272284 ]]\n",
      "[[0.28487901 0.48903642 0.22608457]]\n",
      "[[0.28565697 0.48881097 0.22553206]]\n",
      "[[0.28606252 0.48867884 0.22525863]]\n",
      "[[0.2862735  0.48860544 0.22512106]]\n",
      "[[0.28638312 0.48856581 0.22505107]]\n",
      "[[0.28644003 0.48854475 0.22501522]]\n",
      "[[0.28646956 0.48853367 0.22499677]]\n",
      "[[0.28648488 0.48852787 0.22498725]]\n",
      "[[0.28649282 0.48852485 0.22498233]]\n",
      "[[0.28649694 0.48852328 0.22497978]]\n",
      "[[0.28649908 0.48852246 0.22497846]]\n",
      "[[0.28650018 0.48852204 0.22497778]]\n",
      "[[0.28650076 0.48852182 0.22497742]]\n",
      "[[0.28650106 0.4885217  0.22497724]]\n",
      "[[0.28650121 0.48852164 0.22497715]]\n",
      "[[0.28650129 0.48852161 0.2249771 ]]\n",
      "[[0.28650133 0.4885216  0.22497707]]\n",
      "[[0.28650135 0.48852159 0.22497706]]\n",
      "[[0.28650137 0.48852158 0.22497705]]\n",
      "[[0.28650137 0.48852158 0.22497705]]\n",
      "[[0.28650137 0.48852158 0.22497705]]\n",
      "[[0.28650138 0.48852158 0.22497704]]\n",
      "[[0.28650138 0.48852158 0.22497704]]\n"
     ]
    }
   ],
   "source": [
    "pi = pi0\n",
    "for _ in range(30):\n",
    "    print(pi)\n",
    "    pi = np.matmul(pi, P)"
   ]
  },
  {
   "cell_type": "markdown",
   "metadata": {},
   "source": [
    "it can be pagerank"
   ]
  },
  {
   "cell_type": "code",
   "execution_count": 8,
   "metadata": {},
   "outputs": [
    {
     "name": "stdout",
     "output_type": "stream",
     "text": [
      "[[0.65 0.28 0.07]\n",
      " [0.15 0.67 0.18]\n",
      " [0.12 0.36 0.52]]\n",
      "[[0.4729 0.3948 0.1323]\n",
      " [0.2196 0.5557 0.2247]\n",
      " [0.1944 0.462  0.3436]]\n",
      "[[0.382481 0.444556 0.172963]\n",
      " [0.253059 0.514699 0.232242]\n",
      " [0.236892 0.487668 0.27544 ]]\n",
      "[[0.33605161 0.46721388 0.19673451]\n",
      " [0.26956224 0.49931197 0.23112579]\n",
      " [0.2601828  0.49222572 0.24759148]]\n",
      "[[0.31212377 0.47795217 0.20992406]\n",
      " [0.27784735 0.49322173 0.22893092]\n",
      " [0.27266366 0.49177535 0.235561  ]]\n",
      "[[0.29976416 0.48319527 0.21704056]\n",
      " [0.28205575 0.49067095 0.22727331]\n",
      " [0.279265   0.49063727 0.23009774]]\n",
      "[[0.29337086 0.4858094  0.22081973]\n",
      " [0.28420967 0.48954353 0.22624679]\n",
      " [0.28272957 0.48975635 0.22751408]]\n",
      "[[0.29006084 0.48713125 0.22280791]\n",
      " [0.28531743 0.48902172 0.22566085]\n",
      " [0.28453936 0.4892061  0.22625454]]\n",
      "[[0.28834618 0.48780582 0.223848  ]\n",
      " [0.28588889 0.48877134 0.22533977]\n",
      " [0.28548204 0.48889074 0.22562721]]\n",
      "[[0.28745765 0.48815211 0.22439024]\n",
      " [0.28618425 0.488648   0.22516774]\n",
      " [0.28597221 0.48871757 0.22531023]]\n",
      "[[0.28699712 0.48833054 0.22467234]\n",
      " [0.28633709 0.48858614 0.22507677]\n",
      " [0.2862268  0.48862467 0.22514853]]\n",
      "[[0.28675839 0.4884227  0.22481891]\n",
      " [0.28641624 0.48855474 0.22502902]\n",
      " [0.28635894 0.4885755  0.22506555]]\n",
      "[[0.28663463 0.48847037 0.22489501]\n",
      " [0.28645725 0.48853867 0.22500408]\n",
      " [0.2864275  0.48854969 0.2250228 ]]\n",
      "[[0.28657046 0.48849504 0.22493449]\n",
      " [0.2864785  0.48853041 0.22499109]\n",
      " [0.28646307 0.4885362  0.22500073]]\n",
      "[[0.2865372  0.48850783 0.22495498]\n",
      " [0.28648952 0.48852615 0.22498434]\n",
      " [0.28648151 0.48852918 0.22498931]]\n",
      "[[0.28651995 0.48851445 0.2249656 ]\n",
      " [0.28649523 0.48852394 0.22498083]\n",
      " [0.28649108 0.48852552 0.2249834 ]]\n",
      "[[0.28651101 0.48851788 0.22497111]\n",
      " [0.28649819 0.4885228  0.22497901]\n",
      " [0.28649604 0.48852363 0.22498034]]\n",
      "[[0.28650637 0.48851966 0.22497397]\n",
      " [0.28649972 0.48852221 0.22497806]\n",
      " [0.28649861 0.48852264 0.22497875]]\n",
      "[[0.28650397 0.48852059 0.22497545]\n",
      " [0.28650052 0.48852191 0.22497757]\n",
      " [0.28649994 0.48852213 0.22497793]]\n",
      "[[0.28650272 0.48852106 0.22497622]\n",
      " [0.28650093 0.48852175 0.22497732]\n",
      " [0.28650063 0.48852187 0.2249775 ]]\n",
      "[[0.28650207 0.48852131 0.22497661]\n",
      " [0.28650115 0.48852167 0.22497719]\n",
      " [0.28650099 0.48852173 0.22497728]]\n",
      "[[0.28650174 0.48852144 0.22497682]\n",
      " [0.28650126 0.48852163 0.22497712]\n",
      " [0.28650118 0.48852166 0.22497717]]\n",
      "[[0.28650156 0.48852151 0.22497693]\n",
      " [0.28650132 0.4885216  0.22497708]\n",
      " [0.28650127 0.48852162 0.22497711]]\n",
      "[[0.28650147 0.48852154 0.22497698]\n",
      " [0.28650135 0.48852159 0.22497706]\n",
      " [0.28650132 0.4885216  0.22497708]]\n",
      "[[0.28650143 0.48852156 0.22497701]\n",
      " [0.28650136 0.48852159 0.22497705]\n",
      " [0.28650135 0.48852159 0.22497706]]\n",
      "[[0.2865014  0.48852157 0.22497703]\n",
      " [0.28650137 0.48852158 0.22497705]\n",
      " [0.28650136 0.48852158 0.22497705]]\n",
      "[[0.28650139 0.48852157 0.22497703]\n",
      " [0.28650137 0.48852158 0.22497705]\n",
      " [0.28650137 0.48852158 0.22497705]]\n",
      "[[0.28650138 0.48852158 0.22497704]\n",
      " [0.28650138 0.48852158 0.22497704]\n",
      " [0.28650137 0.48852158 0.22497705]]\n",
      "[[0.28650138 0.48852158 0.22497704]\n",
      " [0.28650138 0.48852158 0.22497704]\n",
      " [0.28650138 0.48852158 0.22497704]]\n",
      "[[0.28650138 0.48852158 0.22497704]\n",
      " [0.28650138 0.48852158 0.22497704]\n",
      " [0.28650138 0.48852158 0.22497704]]\n"
     ]
    }
   ],
   "source": [
    "pi = P\n",
    "for _ in range(30):\n",
    "    print(pi)\n",
    "    pi = np.matmul(pi, P)"
   ]
  }
 ],
 "metadata": {
  "kernelspec": {
   "display_name": "Python 3",
   "language": "python",
   "name": "python3"
  },
  "language_info": {
   "codemirror_mode": {
    "name": "ipython",
    "version": 3
   },
   "file_extension": ".py",
   "mimetype": "text/x-python",
   "name": "python",
   "nbconvert_exporter": "python",
   "pygments_lexer": "ipython3",
   "version": "3.7.1"
  }
 },
 "nbformat": 4,
 "nbformat_minor": 2
}
